
Aligned (after anchor)

out1 aligned with out1

Identity (4x4)

out2 aligned with out1

   0.992237  0.00557466    0.124237   -0.127405
-0.00454524    0.999953 -0.00856787    0.094442
  -0.124279  0.00793667    0.992216   0.0917713
         -0          -0          -0           1


out3 aligned with outtest1

   0.999373  0.00450517   0.0351071   0.0655498
-0.00517983    0.999803   0.0191499    0.040169
 -0.0350139  -0.0193197      0.9992    0.126631
          0          -0          -0           1

outtest4 aligned with outtest1


   0.999502 -0.00188404   0.0314827  -0.0568461
 0.00214578    0.999964 -0.00828202   0.0256409
  -0.031466  0.00834546     0.99947   0.0848358
          0           0           0           1





Extra(inverse)
out1 aligned with out1

Identity (4x4)

out2 aligned with out1

   0.992237 -0.00454523   -0.124279     0.13825
 0.00557466    0.999953  0.00793666  -0.0944557
   0.124237 -0.00856787    0.992215  -0.0744193
          0           0           0           1

out3 aligned with outtest1

   0.999373 -0.00517982   -0.035014  -0.0608668
 0.00450517    0.999803  -0.0193197    -0.03801
  0.0351071   0.0191499      0.9992     -0.1296
          0           0           0           1

outtest4 aligned with outtest1

   0.999503  0.00214578   -0.031466   0.0594322
-0.00188404    0.999963  0.00834546   -0.026455
  0.0314827 -0.00828202     0.99947  -0.0827888
         -0          -0          -0           1
